2 0.343845 0.566335 0.145632 0.114888
9 0.495158 0.502441 0.980583 0.980583
1 0.494818 0.502206 0.977665 0.972508
2 0.655333 0.766175 0.127833 0.142395
2 0.318762 0.762129 0.179611 0.118123
2 0.439312 0.648051 0.174756 0.132688
2 0.332516 0.423132 0.116505 0.152105
2 0.165851 0.415042 0.126212 0.077671
2 0.209538 0.297728 0.129450 0.095468
0 0.518601 0.785592 0.116502 0.181229
0 0.352743 0.728957 0.156960 0.200646
0 0.570380 0.512939 0.605178 0.192556
0 0.665851 0.303392 0.284789 0.239483
0 0.386723 0.295300 0.176377 0.213590
