1 0.517237 0.475658 0.957046 0.943299
2 0.863343 0.657840 0.126215 0.135923
0 0.550237 0.451530 0.179609 0.270228
0 0.266255 0.267874 0.200648 0.187702
0 0.805899 0.482275 0.224918 0.101942
0 0.297810 0.711240 0.173140 0.223299
0 0.500884 0.801047 0.271847 0.241100
0 0.763828 0.777582 0.192556 0.255666
0 0.496030 0.586644 0.203883 0.142397
2 0.500074 0.220948 0.276697 0.207122
9 0.518608 0.477345 0.962783 0.940129
2 0.813182 0.272728 0.132689 0.126215
2 0.702340 0.369816 0.166667 0.158578
0 0.206386 0.475802 0.239484 0.111650
2 0.612535 0.476612 0.187702 0.174755
0 0.690203 0.168360 0.145631 0.247573
2 0.301854 0.568036 0.313917 0.228153
