2 0.536516 0.618891 0.097094 0.131969
2 0.788172 0.384875 0.175281 0.051562
0 0.458172 0.496203 0.269906 0.113406
2 0.811781 0.569406 0.173000 0.078375
9 0.500000 0.503422 1.000000 0.729906
1 0.499422 0.511672 0.967219 0.626781
0 0.271719 0.359094 0.140313 0.222687
0 0.258266 0.594156 0.257719 0.181438
0 0.636516 0.630234 0.198156 0.150531
0 0.507656 0.398266 0.302875 0.140219
0 0.701469 0.309609 0.295063 0.127844
0 0.814969 0.457047 0.175250 0.117531
0 0.837656 0.597234 0.109250 0.055656
0 0.445906 0.649828 0.134000 0.144344
0 0.160234 0.345703 0.090906 0.072156
0 0.468578 0.260141 0.303094 0.074219
2 0.389203 0.301359 0.140219 0.074219
2 0.184984 0.489000 0.173406 0.053625
2 0.498484 0.483844 0.074219 0.125750
