0 0.7165160179138184 0.32748401165008545 0.18946900963783264 0.09971900284290314
0 0.40812501311302185 0.41581296920776367 0.5413119792938232 0.26781296730041504
0 0.27920299768447876 0.5532659888267517 0.38603100180625916 0.229343980550766
0 0.6025630235671997 0.5148130059242249 0.4601249694824219 0.2549999952316284
0 0.4558440148830414 0.4806250035762787 0.7621250152587891 0.4088119566440582
0 0.7165160179138184 0.32748401165008545 0.18946900963783264 0.09971900284290314
0 0.40812501311302185 0.41581296920776367 0.5413119792938232 0.26781296730041504
0 0.27920299768447876 0.5532659888267517 0.38603100180625916 0.229343980550766
0 0.6025630235671997 0.5148130059242249 0.4601249694824219 0.2549999952316284
0 0.4558440148830414 0.4806250035762787 0.7621250152587891 0.4088119566440582
