0 0.9329689741134644 0.30265572667121887 0.13406215608119965 0.14245571196079254
0 0.5607143044471741 0.4288399815559387 0.7733028531074524 0.3825899660587311
0 0.37654000520706177 0.625201404094696 0.5514728426933289 0.3276342749595642
0 0.7549110651016235 0.5702685713768005 0.49017786979675293 0.3642857074737549
0 0.542254626750946 0.5214285850524902 0.9154906868934631 0.5840170979499817
0 0.9329689741134644 0.30265572667121887 0.13406215608119965 0.14245571196079254
0 0.5607143044471741 0.4288399815559387 0.7733028531074524 0.3825899660587311
0 0.37654000520706177 0.625201404094696 0.5514728426933289 0.3276342749595642
0 0.7549110651016235 0.5702685713768005 0.49017786979675293 0.3642857074737549
0 0.542254626750946 0.5214285850524902 0.9154906868934631 0.5840170979499817
