0 0.6103440523147583 0.6302970051765442 0.054124973714351654 0.06409396976232529
0 0.4572030007839203 0.41234397888183594 0.04415597766637802 0.08118798583745956
0 0.5683280229568481 0.44582802057266235 0.09828100353479385 0.1680939942598343
0 0.5583440065383911 0.5633440017700195 0.027061987668275833 0.027062034234404564
0 0.5313439965248108 0.4870309829711914 0.5911870002746582 0.5213750004768372
0 0.4365469813346863 0.5035160183906555 0.031344033777713776 0.03559398651123047
0 0.5235159993171692 0.5027030110359192 0.64103102684021 0.5869059562683105
0 0.4842809736728668 0.5227339863777161 0.029937028884887695 0.037031032145023346
0 0.5056560039520264 0.5825619697570801 0.027062034234404564 0.03418698161840439
0 0.4885469973087311 0.5042340159416199 0.4971560537815094 0.544156014919281
0 0.3916879892349243 0.5782970190048218 0.03274998813867569 0.031344033777713776
