0 0.648705780506134 0.7664957046508789 0.07732139527797699 0.09156281501054764
0 0.4299328625202179 0.45513424277305603 0.06307996809482574 0.11598283797502518
0 0.5886828303337097 0.5029686093330383 0.1404014378786087 0.24013426899909973
0 0.5744199752807617 0.670848548412323 0.03865998238325119 0.03866004943847656
0 0.5358485579490662 0.5618299841880798 0.8445528745651245 0.7448214292526245
0 0.4004242718219757 0.5853800177574158 0.04477718845009804 0.05084855109453201
0 0.5246657133102417 0.5824999809265137 0.9157586097717285 0.8350000381469727
0 0.46861571073532104 0.6128342747688293 0.04276718571782112 0.05290147289633751
0 0.49915143847465515 0.6983028054237366 0.03866004943847656 0.048838548362255096
0 0.47470998764038086 0.5864057540893555 0.7102228999137878 0.7773657441139221
0 0.3363399803638458 0.6922100186347961 0.04678569361567497 0.04477718845009804
