0 0.8324999809265137 0.6158280372619629 0.06149997562170029 0.09709401428699493
0 0.32199999690055847 0.6692500114440918 0.08899998664855957 0.07443699985742569
0 0.7216560244560242 0.4427030086517334 0.08899998664855957 0.08090601116418839
0 0.4482029974460602 0.7663280367851257 0.06959400326013565 0.07765603065490723
0 0.6229689717292786 0.8812190294265747 0.10518698394298553 0.06149997562170029
0 0.4401089549064636 0.5956090092658997 0.12784400582313538 0.1537189930677414
0 0.18687500059604645 0.6093589663505554 0.1132499948143959 0.1132810115814209
0 0.4789370000362396 0.31971901655197144 0.457938015460968 0.45631203055381775
0 0.5105000138282776 0.6732810139656067 0.7022500038146973 0.4482499957084656
0 0.5024219751358032 0.4985160231590271 0.7572810053825378 0.8430310487747192
0 0.6528910398483276 0.6506250500679016 0.2330309897661209 0.27024999260902405
