0 0.8366070985794067 0.7145757675170898 0.08785711228847504 0.13870573043823242
0 0.10732143372297287 0.7908928990364075 0.12714283168315887 0.10633856803178787
0 0.6782585978507996 0.46725431084632874 0.12714283168315887 0.1155800148844719
0 0.2876114249229431 0.9295758008956909 0.09942000359296799 0.11093718558549881
0 0.537277102470398 1.0 0.1502671241760254 0.0
0 0.27604857087135315 0.6856914162635803 0.18263427913188934 0.21959856152534485
0 0.0 0.7053342461585999 0.0 0.16183002293109894
0 0.33151715993881226 0.3087500035762787 0.6541971564292908 0.6175000071525574
0 0.43910714983940125 0.7382364273071289 0.8782142996788025 0.5235271453857422
0 0.4529910683631897 0.5 0.9059821367263794 1.0
0 0.5800228714942932 0.7642857432365417 0.3329014182090759 0.38607141375541687
