0 0.5 0.5088843107223511 1.0 0.8807142972946167
0 0.2574999928474426 0.2453799992799759 0.5149999856948853 0.33522287011146545
0 0.7135714292526245 0.6475900411605835 0.5728572010993958 0.3814285695552826
0 0.0 0.3101114332675934 0.0 0.1363842785358429
0 0.1647985875606537 0.5424114465713501 0.14102713763713837 0.08785717934370041
0 0.3208257257938385 0.6499099731445312 0.23575854301452637 0.15491138398647308
0 0.5392628312110901 0.5493528246879578 0.49236568808555603 0.15718719363212585
0 0.6802685856819153 0.6741743087768555 0.16875001788139343 0.07397283613681793
0 0.6028342843055725 0.7701114416122437 0.3883485794067383 0.19182994961738586
0 0.41814714670181274 0.5793971419334412 0.8362942934036255 0.7443299889564514
