0 0.5003910064697266 0.44996899366378784 0.9992189407348633 0.6165000200271606
0 0.328453004360199 0.2655159831047058 0.3640940189361572 0.23465600609779358
0 0.7245000004768372 0.5470629930496216 0.5509999990463257 0.2670000195503235
0 0.06309400498867035 0.31082800030708313 0.11487499624490738 0.09546899795532227
0 0.2653590142726898 0.47343796491622925 0.09871900081634521 0.06150002405047417
0 0.37457799911499023 0.5486869812011719 0.16503098607063293 0.10843797028064728
0 0.5274839997291565 0.47829699516296387 0.34465599060058594 0.11003103107213974
0 0.6261879801750183 0.5656720399856567 0.11812500655651093 0.05178098753094673
0 0.5719839930534363 0.6328279972076416 0.2718439996242523 0.1342809647321701
0 0.36770302057266235 0.49932798743247986 0.7354060411453247 0.5210310220718384
