0 0.6909219622612 0.40548402070999146 0.07928099483251572 0.06796898692846298
0 0.5015939474105835 0.4596870541572571 0.06312499195337296 0.06956200301647186
0 0.7621250152587891 0.50176602602005 0.13106293976306915 0.09871897846460342
0 0.31470298767089844 0.5260310173034668 0.07121898978948593 0.10843797028064728
0 0.5849219560623169 0.4305630326271057 0.8284689784049988 0.765375018119812
0 0.7208439707756042 0.6530469655990601 0.08737502247095108 0.08415599167346954
0 0.5671250224113464 0.6482030153274536 0.07118801772594452 0.07121901214122772
0 0.591405987739563 0.3011090159416199 0.07118701934814453 0.06309399753808975
0 0.591405987739563 0.5106559991836548 0.8123129606246948 0.5857499837875366
0 0.6553120017051697 0.16518700122833252 0.23787498474121094 0.22168698906898499
0 0.6124380230903625 0.48234397172927856 0.08737502247095108 0.07931198924779892
0 0.40289101004600525 0.45240601897239685 0.06959402561187744 0.16831202805042267
