0 0.7147099375724792 0.4989056885242462 0.11325856298208237 0.09709855169057846
0 0.4442414343357086 0.5763386487960815 0.09017855674028397 0.09937429428100586
0 0.8164286017417908 0.6364514231681824 0.18723276257514954 0.14102710783481598
0 0.17725428938865662 0.6711157560348511 0.10174141824245453 0.15491138398647308
0 0.5 0.5 1.0 1.0
0 0.7574557065963745 0.8525671362876892 0.12482146173715591 0.12022284418344498
0 0.537857174873352 0.8456471562385559 0.1016971692442894 0.10174144804477692
0 0.572544276714325 0.3497985899448395 0.10169573873281479 0.09013427793979645
0 0.5 0.615379273891449 1.0 0.769241452217102
0 0.6638385653495789 0.1569860726594925 0.33982139825820923 0.313972145318985
0 0.602590024471283 0.6087056398391724 0.12482146173715591 0.11330284178256989
0 0.3032371699810028 0.5659371614456177 0.09942003339529037 0.24044574797153473
