0 0.24638427793979645 0.8790842294692993 0.05026715248823166 0.15290138125419617
0 0.4003799855709076 0.27899572253227234 0.5417414307594299 0.5579914450645447
0 0.08551357686519623 0.4750000536441803 0.17102715373039246 0.6902671456336975
0 0.2537049949169159 0.18944178521633148 0.5074099898338318 0.37888357043266296
0 0.6821656823158264 0.9035043120384216 0.34513425827026367 0.19299139082431793
0 0.08910714834928513 0.9390628933906555 0.05464286357164383 0.06794561445713043
0 0.48120570182800293 0.7260943055152893 0.12669570744037628 0.3060271441936493
0 0.5 0.5 1.0 1.0
0 0.7378571629524231 0.10752248764038086 0.504554271697998 0.21504497528076172
0 0.4757371246814728 0.5 0.9414728283882141 1.0
0 0.8814957737922668 0.6992635726928711 0.23700857162475586 0.6014728546142578
0 0.932812511920929 0.33359357714653015 0.13437502086162567 0.6671871542930603
