0 0.3255940079689026 0.8716089129447937 0.0351870059967041 0.1070309653878212
0 0.4333910048007965 0.4006720185279846 0.3792189955711365 0.4923439919948578
0 0.1497500091791153 0.5887500047683716 0.2461879998445511 0.4831870198249817
0 0.31335899233818054 0.26610898971557617 0.38990598917007446 0.5107190012931824
0 0.630640983581543 0.9105779528617859 0.24159398674964905 0.17884397506713867
0 0.21549999713897705 0.9135940670967102 0.03825000673532486 0.04756193235516548
0 0.4899689555168152 0.7645159959793091 0.0886869877576828 0.21421900391578674
0 0.5001720190048218 0.49959397315979004 0.9996560215950012 0.9981869459152222
0 0.6696249842643738 0.21259398758411407 0.3531879782676697 0.3883749842643738
0 0.4861409664154053 0.5757189989089966 0.6590309739112854 0.848563015460968
0 0.8255940675735474 0.767562985420227 0.27675002813339233 0.4646880030632019
0 0.8447030186653137 0.4411090016365051 0.17128105461597443 0.564344048500061
