0 0.5 0.5 1.0 1.0
0 0.7448590397834778 0.6848589777946472 0.11753101646900177 0.08246898651123047
0 0.26332801580429077 0.7931249737739563 0.2472189962863922 0.24124999344348907
0 0.591156005859375 0.8147660493850708 0.39156201481819153 0.15259404480457306
0 0.4880780279636383 0.6869369745254517 0.24309401214122772 0.13193702697753906
0 0.5 0.49914097785949707 1.0 0.9982810020446777
0 0.5118910074234009 0.5188909769058228 0.9134060144424438 0.8391560316085815
0 0.26228100061416626 0.28178101778030396 0.13381299376487732 0.20000000298023224
0 0.37167200446128845 0.2044529914855957 0.08040599524974823 0.10721900314092636
0 0.25301599502563477 0.4766250252723694 0.3424690067768097 0.10718698799610138
0 0.24270300567150116 0.5982660055160522 0.19815599918365479 0.13196901977062225
0 0.46951597929000854 0.3271409869194031 0.08228101581335068 0.09690599143505096
0 0.6087969541549683 0.25703099370002747 0.11340603977441788 0.19174998998641968
0 0.6355940103530884 0.3889999985694885 0.265999972820282 0.15462501347064972
0 0.7768279910087585 0.2250780165195465 0.09484400600194931 0.07834398746490479
0 0.8757030367851257 0.43539100885391235 0.0781559944152832 0.12784402072429657
0 0.7623909711837769 0.5652810335159302 0.3216560482978821 0.14018698036670685
0 0.49424999952316284 0.5539529919624329 0.13175001740455627 0.0886559933423996
