0 0.5 0.5 1.0 1.0
0 0.92979896068573 0.9292628169059753 0.14040210843086243 0.11781283468008041
0 0.2556471526622772 0.9558035731315613 0.3531699776649475 0.08839286863803864
0 0.7221428155899048 1.0 0.5557143092155457 0.0
0 0.5767186284065247 0.9189953207969666 0.3472771644592285 0.1620093137025833
0 0.5 0.5 1.0 1.0
0 0.5 0.5463842749595642 1.0 0.9072313904762268
0 0.2541514039039612 0.3534371554851532 0.1911614090204239 0.2857142984867096
0 0.41042429208755493 0.2429685741662979 0.11486571282148361 0.15317000448703766
0 0.24276821315288544 0.6317857503890991 0.4855364263057709 0.15312425792217255
0 0.22618284821510315 0.8055586218833923 0.28308001160621643 0.1885271817445755
0 0.550201416015625 0.4182371497154236 0.11754430830478668 0.13843713700771332
0 0.7491742372512817 0.31807997822761536 0.1620086282491684 0.27392855286598206
0 0.787455677986145 0.5066071152687073 0.37999996542930603 0.22089287638664246
0 0.9607363939285278 0.2724328637123108 0.07852710783481598 0.11191998422145844
0 1.0 0.5728799700737 0.0 0.18263432383537292
0 0.8694199919700623 0.7584371566772461 0.2611600458621979 0.20026710629463196
0 0.5855357050895691 0.7422542572021484 0.18821430206298828 0.12665142118930817
