0 0.536516010761261 0.6188910007476807 0.09709396213293076 0.13196897506713867
0 0.7881720066070557 0.38487499952316284 0.17528104782104492 0.05156202241778374
0 0.4581719934940338 0.4962030053138733 0.26990601420402527 0.1134059876203537
0 0.8117810487747192 0.5694060325622559 0.1730000078678131 0.07837500423192978
0 0.5 0.5034220218658447 1.0 0.7299059629440308
0 0.49942198395729065 0.5116719603538513 0.9672189950942993 0.6267809867858887
0 0.2717190086841583 0.3590939939022064 0.14031299948692322 0.2226869761943817
0 0.25826600193977356 0.5941559672355652 0.2577189803123474 0.18143801391124725
0 0.6365159749984741 0.6302340030670166 0.1981559693813324 0.15053100883960724
0 0.5076559782028198 0.3982659876346588 0.30287501215934753 0.14021900296211243
0 0.7014689445495605 0.30960899591445923 0.29506295919418335 0.12784400582313538
0 0.8149689435958862 0.4570469856262207 0.17525000870227814 0.11753098666667938
0 0.8376560211181641 0.5972339510917664 0.10924997180700302 0.05565600469708443
0 0.44590598344802856 0.6498279571533203 0.13399997353553772 0.1443440020084381
0 0.1602340042591095 0.34570300579071045 0.09090600162744522 0.07215599715709686
0 0.4685780107975006 0.260140985250473 0.3030939996242523 0.07421901077032089
0 0.3892029821872711 0.30135899782180786 0.14021900296211243 0.07421901077032089
0 0.1849839985370636 0.48899999260902405 0.17340600490570068 0.05362500995397568
0 0.4984840452671051 0.48384398221969604 0.0742189884185791 0.12574997544288635
