2 0.601273 0.549309 0.138706 0.188527
2 0.917790 0.215000 0.164419 0.073660
0 0.489353 0.374040 0.385580 0.162009
2 0.935469 0.478616 0.129063 0.111964
9 0.500000 0.452857 1.000000 0.905714
1 0.500000 0.421920 1.000000 0.843839
0 0.222991 0.178170 0.200447 0.318124
0 0.203773 0.513973 0.368170 0.259197
0 0.744130 0.565513 0.283080 0.215044
0 0.560044 0.234130 0.432679 0.200313
0 0.813080 0.107477 0.373839 0.182634
0 0.936942 0.318103 0.126116 0.167901
0 0.976719 0.518370 0.046563 0.079509
0 0.471830 0.593504 0.191429 0.206206
0 0.064330 0.159040 0.128660 0.103080
0 0.504219 0.044911 0.432991 0.089822
2 0.390826 0.095691 0.200313 0.106027
2 0.111473 0.363750 0.222946 0.076607
2 0.546941 0.356384 0.106027 0.179643
