0 0.48084402084350586 0.17146900296211243 0.29462501406669617 0.18968799710273743
0 0.4438439905643463 0.40548402070999146 0.3360629677772522 0.29484397172927856
0 0.43559399247169495 0.6178590059280396 0.2329999953508377 0.15465597808361053
0 0.6675470471382141 0.625078022480011 0.16496901214122772 0.1443440020084381
0 0.7603279948234558 0.2951720058917999 0.30515599250793457 0.32990604639053345
0 0.7788909673690796 0.5116720199584961 0.25153103470802307 0.13609400391578674
0 0.49949997663497925 0.5096089839935303 0.9917499423027039 0.9072190523147583
0 0.4964059889316559 0.4972340166568756 0.9896869659423828 0.8577189445495605
0 0.19735899567604065 0.38590601086616516 0.16515600681304932 0.1731870174407959
0 0.23971900343894958 0.5694060325622559 0.15462499856948853 0.1731870174407959
0 0.3304999768733978 0.2395159900188446 0.14649999141693115 0.11134400218725204
