0 0.34763431549072266 0.20031285285949707 0.4208928942680359 0.27098286151885986
0 0.29477712512016296 0.5346199870109558 0.4800899624824524 0.42120569944381714
0 0.2829914093017578 0.8380128145217896 0.3328571319580078 0.220937117934227
0 0.6143528819084167 0.8483257293701172 0.23567001521587372 0.20620571076869965
0 0.7468971610069275 0.3770314157009125 0.43593713641166687 0.4712943434715271
0 0.7734156847000122 0.6863171458244324 0.35933002829551697 0.1944199949502945
0 0.5 0.5176782011985779 1.0 0.9646435379981995
0 0.5 0.5265175104141235 1.0 0.9469650387763977
0 0.030312146991491318 0.5066514611244202 0.060624293982982635 0.24741002917289734
0 0.056808214634656906 0.7687943577766418 0.11361642926931381 0.24741002917289734
0 0.13285712897777557 0.2975228428840637 0.209285706281662 0.15906286239624023
