0 0.22191999852657318 0.5103799700737 0.1855357438325882 0.20325851440429688
0 0.23223283886909485 0.7960943579673767 0.3652685582637787 0.25040143728256226
0 0.40145143866539 0.556048572063446 0.12692001461982727 0.1413843333721161
0 0.5104243159294128 0.6871200203895569 0.13870573043823242 0.1620086282491684
0 0.42957571148872375 0.34100428223609924 0.15906278789043427 0.22977712750434875
0 0.4649328589439392 0.09245570749044418 0.12959861755371094 0.18491141498088837
0 0.5753800272941589 0.2349771410226822 0.10307999700307846 0.18263427913188934
0 0.6135271787643433 0.4853571355342865 0.15642854571342468 0.2709813714027405
0 0.44158464670181274 0.5 0.8831692934036255 1.0
0 0.4018299877643585 0.5 0.803659975528717 1.0
0 0.2646200358867645 0.1259828507900238 0.1944199949502945 0.24741141498088837
0 0.07743285596370697 0.2747328579425812 0.12638428807258606 0.15607142448425293
0 0.059999994933605194 0.4720757007598877 0.11999998986721039 0.15022285282611847
