0 0.439719021320343 0.5353909730911255 0.12987501919269562 0.1422809660434723
0 0.4469379782676697 0.7353910207748413 0.25568801164627075 0.17528100311756134
0 0.5653910040855408 0.5673589706420898 0.08884401619434357 0.09896902740001678
0 0.6416720151901245 0.6591089963912964 0.09709401428699493 0.11340603977441788
0 0.5850780010223389 0.4168279767036438 0.11134395748376846 0.16084399819374084
0 0.609827995300293 0.2395159900188446 0.09071902930736542 0.13609400391578674
0 0.6871410608291626 0.3426089882850647 0.07215599715709686 0.12784400582313538
0 0.7138440012931824 0.5178750157356262 0.1094999760389328 0.18968696892261505
0 0.5170310139656067 0.515625 0.7711250185966492 0.96875
0 0.5035309791564941 0.5197499990463257 0.6868119835853577 0.9604999423027039
0 0.46960902214050293 0.26631298661231995 0.13609400391578674 0.1731880009174347
0 0.3385779857635498 0.37043800950050354 0.0884690061211586 0.10924999415874481
0 0.32621899247169495 0.5085780024528503 0.08431198447942734 0.10515598952770233
