0 0.5489999651908875 0.283843994140625 0.059812020510435104 0.06393799930810928
0 0.6921870112419128 0.681780993938446 0.08681197464466095 0.1381249874830246
0 0.36023396253585815 0.27662497758865356 0.09878098964691162 0.09487500041723251
0 0.4500160217285156 0.7457030415534973 0.09690604358911514 0.11753101646900177
0 0.5892030000686646 0.6168439984321594 0.10721898078918457 0.18968801200389862
0 0.42003101110458374 0.47353100776672363 0.05381300300359726 0.15050001442432404
0 0.3294219970703125 0.47868800163269043 0.0989689826965332 0.16081199049949646
0 0.5067340135574341 0.49828100204467773 0.4989689886569977 0.7731879949569702
0 0.5118750333786011 0.49531203508377075 0.6368750333786011 0.8412500619888306
0 0.43034401535987854 0.8590940237045288 0.04143700748682022 0.03506193310022354
0 0.46021899580955505 0.5704370141029358 0.055875014513731 0.0804380401968956
0 0.31704699993133545 0.6807500123977661 0.0742189884185791 0.12781301140785217
0 0.42940598726272583 0.30548399686813354 0.07631299644708633 0.15259400010108948
