0 0.7574999928474426 0.0706699937582016 0.08544574677944183 0.09133999794721603
0 0.9500221610069275 0.6391514539718628 0.09995569288730621 0.19732141494750977
0 0.48783424496650696 0.06406249105930328 0.1411156952381134 0.12812498211860657
0 0.6160942912101746 0.7304686307907104 0.1384371966123581 0.1679014414548874
0 0.8149328231811523 0.5463842749595642 0.15316997468471527 0.27098289132118225
0 0.5732585787773132 0.34165143966674805 0.0768757238984108 0.21500001847743988
0 0.443817138671875 0.34901857376098633 0.14138425886631012 0.22973142564296722
0 0.6703567504882812 0.46464285254478455 0.6592864394187927 0.9292857050895691
0 0.6247767806053162 0.4868300259113312 0.7504464387893677 0.9736600518226624
0 0.5879914164543152 0.8924556970596313 0.05919572338461876 0.05008847266435623
0 0.6306700110435486 0.48008856177330017 0.07982145249843597 0.11491148918867111
0 0.42613857984542847 0.6376785635948181 0.10602712631225586 0.18259000778198242
0 0.5866513848304749 0.1052900031208992 0.10901856422424316 0.2105800062417984
