0 0.6524328589439392 0.22432999312877655 0.16200855374336243 0.2326785773038864
0 0.47111573815345764 0.7707143425941467 0.11223138868808746 0.282768577337265
0 0.4963171184062958 0.467835009098053 0.9926342368125916 0.935670018196106
0 0.039754290133714676 0.2037271410226822 0.07950858026742935 0.0971871092915535
0 0.5 0.4766739308834076 1.0 0.9533478617668152
0 0.10294715315103531 0.11290141195058823 0.1646428406238556 0.22580282390117645
0 0.17511142790317535 0.6219643354415894 0.3502228558063507 0.27392858266830444
0 0.6980800628662109 0.5159371495246887 0.3652671277523041 0.22089283168315887
0 0.3370985686779022 0.3495314121246338 0.23830284178256989 0.12959854304790497
0 0.8306242227554321 0.2832585871219635 0.07660716027021408 0.3564285635948181
0 0.2577228546142578 0.014241422526538372 0.1208028793334961 0.028482845053076744
0 0.42560285329818726 0.0 0.09718717634677887 0.0
0 0.6686157584190369 0.036317143589258194 0.21794570982456207 0.07263428717851639
