0 0.7098280191421509 0.4570310115814209 0.1134059876203537 0.1628750115633011
0 0.5829060077667236 0.8395000696182251 0.07856197655200958 0.19793801009655
0 0.4922969937324524 0.4982660412788391 0.9113439321517944 0.9134060144424438
0 0.21290600299835205 0.4426090121269226 0.19175000488758087 0.06803097575902939
0 0.4922970235347748 0.5013590455055237 0.9402190446853638 0.9319689869880676
0 0.325188010931015 0.3663119673728943 0.11524999141693115 0.18349997699260712
0 0.3684839904308319 0.7353750467300415 0.25959402322769165 0.19175000488758087
0 0.7417810559272766 0.6611559987068176 0.25568699836730957 0.15462498366832733
0 0.48909395933151245 0.5446720123291016 0.1668119877576828 0.09071898460388184
0 0.8345619440078735 0.49828100204467773 0.05362500995397568 0.24949999153614044
0 0.4335309863090515 0.22301599383354187 0.0845620185136795 0.1938439905643463
0 0.5510469675064087 0.22817198932170868 0.06803102791309357 0.1340309977531433
0 0.7211560010910034 0.283843994140625 0.1525619924068451 0.1339999884366989
