9 0.500000 0.500000 1.000000 1.000000
2 0.744859 0.684859 0.117531 0.082469
2 0.263328 0.793125 0.247219 0.241250
2 0.591156 0.814766 0.391562 0.152594
2 0.488078 0.686937 0.243094 0.131937
1 0.500000 0.499141 1.000000 0.998281
0 0.511891 0.518891 0.913406 0.839156
2 0.262281 0.281781 0.133813 0.200000
2 0.371672 0.204453 0.080406 0.107219
2 0.253016 0.476625 0.342469 0.107187
2 0.242703 0.598266 0.198156 0.131969
2 0.469516 0.327141 0.082281 0.096906
2 0.608797 0.257031 0.113406 0.191750
2 0.635594 0.389000 0.266000 0.154625
2 0.776828 0.225078 0.094844 0.078344
2 0.875703 0.435391 0.078156 0.127844
2 0.762391 0.565281 0.321656 0.140187
2 0.494250 0.553953 0.131750 0.088656
